ply
format ascii 1.0
comment VCGLIB generated
element vertex 12530
property float x
property float y
property float z
property float nx
property float ny
property float nz
element face 24976
property list uchar int vertex_indices
end_header
203.845 -2454.38 68.4517 0.8558053 0.5172001 0.01005982 
203.845 -2465.38 68.4517 0.6441429 -0.5601089 0.5209204 
0.71544 -2465.38 213.391 0.3797953 -0.5661528 0.7315918 
0.71544 -2454.38 213.391 0.391602 0.2970105 0.8708804 
-198.943 -2465.38 62.9371 -0.9297564 -0.3672564 -0.02599803 
-198.943 -2454.38 62.9371 -0.9211919 0.3825815 -0.07097064 
-116.408 -2454.38 -172.876 -0.2420628 0.524045 -0.8165675 
-116.408 -2465.38 -172.876 -0.6752142 -0.5693539 -0.4689584 
135.594 -2454.38 -173.304 0.5267254 0.4898102 -0.6947276 
135.594 -2465.38 -173.304 0.7242971 -0.3524471 -0.5926 
-183.133 -2442.38 58.573 0.0456688 0.9988845 0.01200933 
-183.133 -2475.38 58.573 -0.1476011 -0.9495165 -0.2768256 
-164.32 -2442.38 52.7157 0.6595651 0.626326 -0.4155595 
-164.32 -2475.38 52.7157 0.7787972 -0.6258312 -0.04254626 
0.55268 -2442.38 196.99 -0.0766938 0.9509041 -0.2998326 
0.55268 -2475.38 196.99 0.467946 -0.8797853 -0.08369265 
0.997412 -2442.38 177.291 -0.280966 0.6992904 -0.6573059 
0.997412 -2475.38 177.291 -0.003744984 -0.7922364 -0.6102029 
-106.639 -2442.38 -159.254 -0.101849 0.9080251 0.4063461 
-106.639 -2475.38 -159.254 0.4205299 -0.9054706 0.0572519 
-95.4748 -2442.38 -143.329 0.4793902 0.7713611 0.4185537 
-95.4748 -2475.38 -143.329 0.2419937 -0.7661387 0.5953743 
125.363 -2442.38 -159.727 0.2514069 0.9672905 0.03381741 
125.363 -2475.38 -159.727 -0.03053669 -0.9604622 0.2767309 
113.327 -2442.38 -143.754 -0.2054512 0.8517346 0.4820146 
113.327 -2475.38 -143.754 -0.5026314 -0.7922287 0.3460281 
188.856 -2442.38 63.4176 -0.4421087 0.8967038 0.02149893 
188.856 -2475.38 63.4176 -0.3180642 -0.8614931 -0.3958092 
170.471 -2442.38 57.0759 -0.8105001 0.5654525 -0.1528172 
170.471 -2475.38 57.0759 -0.7556292 -0.510817 -0.4099884 
138.215 -2437.06 46.5472 0.8558028 0.5172045 0.01005748 
138.215 -2483.74 46.5472 0.6441394 -0.5601139 0.5209192 
0.0864995 -2483.74 145.106 0.3813094 -0.5684804 0.7289947 
0.0864995 -2437.06 145.106 0.3937168 0.2986553 0.8693631 
-135.682 -2483.74 42.7972 -0.809126 -0.4208164 0.4101569 
-135.682 -2437.06 42.7972 -0.8500223 0.4800557 0.2168149 
-79.5573 -2437.06 -117.556 -0.2420622 0.5240459 -0.8165671 
-79.5573 -2483.74 -117.556 -0.6752122 -0.5693579 -0.4689564 
91.8038 -2437.06 -117.847 0.7489906 0.4650168 -0.4719877 
91.8038 -2483.74 -117.847 0.5628976 -0.3614544 -0.7433015 
-124.931 -2428.9 39.8296 0.1156965 0.992861 -0.02900657 
-124.931 -2490.54 39.8296 0.04084116 -0.9946837 -0.09453277 
-112.138 -2428.9 35.8466 0.659565 0.6263265 -0.4155589 
-112.138 -2490.54 35.8466 0.7787969 -0.6258317 -0.04254442 
-0.0241818 -2428.9 133.953 -0.0766746 0.9504985 -0.3011207 
-0.0241818 -2490.54 133.953 0.4676145 -0.8792787 -0.090586 
0.278239 -2428.9 120.558 -0.2809668 0.6992905 -0.6573054 
0.278239 -2490.54 120.558 -0.003745678 -0.7922364 -0.6102028 
-72.9143 -2428.9 -108.293 -0.1018501 0.9080244 0.4063475 
-72.9143 -2490.54 -108.293 0.4205284 -0.905471 0.05725461 
-65.3229 -2428.9 -97.4634 0.4793903 0.7713603 0.4185549 
-65.3229 -2490.54 -97.4634 0.2419953 -0.766138 0.5953746 
84.8468 -2428.9 -108.614 0.08562333 0.9917838 -0.09504509 
84.8468 -2490.54 -108.614 -0.2886934 -0.9540558 0.08021021 
76.6622 -2428.9 -97.753 -0.2054496 0.8517351 0.4820144 
76.6622 -2490.54 -97.753 -0.502631 -0.7922291 0.3460279 
128.022 -2428.9 43.124 -0.4421073 0.8967046 0.02149922 
128.022 -2490.54 43.124 -0.3180676 -0.8614919 -0.395809 
115.52 -2428.9 38.8116 -0.8105003 0.5654522 -0.1528175 
115.52 -2490.54 38.8116 -0.7556297 -0.5108168 -0.4099879 
79.912 -2443.29 -102.066 0.5098709 0.531238 -0.6766224 
120.484 -2443.29 40.5239 0.7784132 0.6221794 0.08346114 
0.158164 -2443.29 125.877 -0.01224153 0.5265784 0.8500384 
-117.217 -2443.29 37.4281 -0.926712 0.3723465 0.05062606 
-68.3371 -2443.29 -101.763 -0.2419977 0.7661379 -0.5953737 
79.912 -2477.24 -102.066 0.5742534 -0.2991591 -0.7620609 
120.484 -2477.24 40.5239 0.5411388 -0.7661378 0.3467011 
0.158164 -2477.24 125.877 -0.01224152 -0.5265783 0.8500385 
-117.217 -2477.24 37.4281 -0.6718752 -0.625831 0.3961304 
-68.3371 -2477.24 -101.763 -0.5876704 -0.6221796 -0.5172388 
-19.369 -4180.82 -524.69 -0.5773503 -0.5773503 -0.5773503 
-15.789 -4180.82 -524.69 0.3333333 -0.6666667 -0.6666667 
-15.789 -4180.82 -521.11 0.6666667 -0.3333333 0.6666667 
-19.369 -4180.82 -521.11 -0.6666667 -0.6666667 0.3333333 
-19.369 -4138.82 -524.69 -0.6666667 0.3333333 -0.6666667 
-15.789 -4138.82 -524.69 0.6666667 0.6666667 -0.3333333 
-15.789 -4138.82 -521.11 0.5773503 0.5773503 0.5773503 
-19.369 -4138.82 -521.11 -0.3333333 0.6666667 0.6666667 
-19.369 -4180.82 -174.69 -0.5773503 -0.5773503 -0.5773503 
-15.789 -4180.82 -174.69 0.3333333 -0.6666667 -0.6666667 
-15.789 -4180.82 -171.11 0.6666667 -0.3333333 0.6666667 
-19.369 -4180.82 -171.11 -0.6666667 -0.6666667 0.3333333 
-19.369 -4138.82 -174.69 -0.6666667 0.3333333 -0.6666667 
-15.789 -4138.82 -174.69 0.6666667 0.6666667 -0.3333333 
-15.789 -4138.82 -171.11 0.5773503 0.5773503 0.5773503 
-19.369 -4138.82 -171.11 -0.3333333 0.6666667 0.6666667 
-19.369 -4180.82 -234.69 -0.5773503 -0.5773503 -0.5773503 
-15.789 -4180.82 -234.69 0.3333333 -0.6666667 -0.6666667 
-15.789 -4180.82 -231.11 0.6666667 -0.3333333 0.6666667 
-19.369 -4180.82 -231.11 -0.6666667 -0.6666667 0.3333333 
-19.369 -4138.82 -234.69 -0.6666667 0.3333333 -0.6666667 
-15.789 -4138.82 -234.69 0.6666667 0.6666667 -0.3333333 
-15.789 -4138.82 -231.11 0.5773503 0.5773503 0.5773503 
-19.369 -4138.82 -231.11 -0.3333333 0.6666667 0.6666667 
19.369 -4180.82 -524.69 0.5773503 -0.5773503 -0.5773503 
15.789 -4180.82 -524.69 -0.3333333 -0.6666667 -0.6666667 
15.789 -4180.82 -521.11 -0.6666667 -0.3333333 0.6666667 
19.369 -4180.82 -521.11 0.6666667 -0.6666667 0.3333333 
19.369 -4138.82 -524.69 0.6666667 0.3333333 -0.6666667 
15.789 -4138.82 -524.69 -0.6666667 0.6666667 -0.3333333 
15.789 -4138.82 -521.11 -0.5773503 0.5773503 0.5773503 
19.369 -4138.82 -521.11 0.3333333 0.6666667 0.6666667 
19.369 -4180.82 -174.69 0.5773503 -0.5773503 -0.5773503 
15.789 -4180.82 -174.69 -0.3333333 -0.6666667 -0.6666667 
15.789 -4180.82 -171.11 -0.6666667 -0.3333333 0.6666667 
19.369 -4180.82 -171.11 0.6666667 -0.6666667 0.3333333 
19.369 -4138.82 -174.69 0.6666667 0.3333333 -0.6666667 
15.789 -4138.82 -174.69 -0.6666667 0.6666667 -0.3333333 
15.789 -4138.82 -171.11 -0.5773503 0.5773503 0.5773503 
19.369 -4138.82 -171.11 0.3333333 0.6666667 0.6666667 
19.369 -4180.82 -234.69 0.5773503 -0.5773503 -0.5773503 
15.789 -4180.82 -234.69 -0.3333333 -0.6666667 -0.6666667 
15.789 -4180.82 -231.11 -0.6666667 -0.3333333 0.6666667 
19.369 -4180.82 -231.11 0.6666667 -0.6666667 0.3333333 
19.369 -4138.82 -234.69 0.6666667 0.3333333 -0.6666667 
15.789 -4138.82 -234.69 -0.6666667 0.6666667 -0.3333333 
15.789 -4138.82 -231.11 -0.5773503 0.5773503 0.5773503 
19.369 -4138.82 -231.11 0.3333333 0.6666667 0.6666667 
15.8191 -4182.67 -524.69 0.5773503 -0.5773503 -0.5773503 
15.8191 -4180.49 -524.69 0.6666667 0.3333333 -0.6666667 
15.8191 -4180.49 -521.11 0.3333333 0.6666667 0.6666667 
15.8191 -4182.67 -521.11 0.6666667 -0.6666667 0.3333333 
-15.9307 -4182.67 -524.69 -0.3333333 -0.6666667 -0.6666667 
-15.9307 -4180.49 -524.69 -0.6666667 0.6666667 -0.3333333 
-15.9307 -4180.49 -521.11 -0.5773503 0.5773503 0.5773503 
-15.9307 -4182.67 -521.11 -0.6666667 -0.3333333 0.6666667 
15.8191 -4182.67 -204.69 0.5773503 -0.5773503 -0.5773503 
15.8191 -4180.49 -204.69 0.6666667 0.3333333 -0.6666667 
15.8191 -4180.49 -201.11 0.3333333 0.6666667 0.6666667 
15.8191 -4182.67 -201.11 0.6666667 -0.6666667 0.3333333 
-15.9307 -4182.67 -204.69 -0.3333333 -0.6666667 -0.6666667 
-15.9307 -4180.49 -204.69 -0.6666667 0.6666667 -0.3333333 
-15.9307 -4180.49 -201.11 -0.5773503 0.5773503 0.5773503 
-15.9307 -4182.67 -201.11 -0.6666667 -0.3333333 0.6666667 
15.8191 -4182.67 -374.69 0.5773503 -0.5773503 -0.5773503 
15.8191 -4180.49 -374.69 0.6666667 0.3333333 -0.6666667 
15.8191 -4180.49 -371.11 0.3333333 0.6666667 0.6666667 
15.8191 -4182.67 -371.11 0.6666667 -0.6666667 0.3333333 
-15.9307 -4182.67 -374.69 -0.3333333 -0.6666667 -0.6666667 
-15.9307 -4180.49 -374.69 -0.6666667 0.6666667 -0.3333333 
-15.9307 -4180.49 -371.11 -0.5773503 0.5773503 0.5773503 
-15.9307 -4182.67 -371.11 -0.6666667 -0.3333333 0.6666667 
15.8191 -4137.23 -524.69 0.5773503 0.5773503 -0.5773503 
15.8191 -4139.41 -524.69 0.6666667 -0.3333333 -0.6666667 
15.8191 -4139.41 -521.11 0.3333333 -0.6666667 0.6666667 
15.8191 -4137.23 -521.11 0.6666667 0.6666667 0.3333333 
-15.9307 -4137.23 -524.69 -0.3333333 0.6666667 -0.6666667 
-15.9307 -4139.41 -524.69 -0.6666667 -0.6666667 -0.3333333 
-15.9307 -4139.41 -521.11 -0.5773503 -0.5773503 0.5773503 
-15.9307 -4137.23 -521.11 -0.6666667 0.3333333 0.6666667 
15.8191 -4137.23 -204.69 0.5773503 0.5773503 -0.5773503 
15.8191 -4139.41 -204.69 0.6666667 -0.3333333 -0.6666667 
15.8191 -4139.41 -201.11 0.3333333 -0.6666667 0.6666667 
15.8191 -4137.23 -201.11 0.6666667 0.6666667 0.3333333 
-15.9307 -4137.23 -204.69 -0.3333333 0.6666667 -0.6666667 
-15.9307 -4139.41 -204.69 -0.6666667 -0.6666667 -0.3333333 
-15.9307 -4139.41 -201.11 -0.5773503 -0.5773503 0.5773503 
-15.9307 -4137.23 -201.11 -0.6666667 0.3333333 0.6666667 
15.8191 -4137.23 -374.69 0.5773503 0.5773503 -0.5773503 
15.8191 -4139.41 -374.69 0.6666667 -0.3333333 -0.6666667 
15.8191 -4139.41 -371.11 0.3333333 -0.6666667 0.6666667 
15.8191 -4137.23 -371.11 0.6666667 0.6666667 0.3333333 
-15.9307 -4137.23 -374.69 -0.3333333 0.6666667 -0.6666667 
-15.9307 -4139.41 -374.69 -0.6666667 -0.6666667 -0.3333333 
-15.9307 -4139.41 -371.11 -0.5773503 -0.5773503 0.5773503 
-15.9307 -4137.23 -371.11 -0.6666667 0.3333333 0.6666667 
-19.369 -4178.37 -233.465 -0.5935711 0.3434818 -0.7278006 
-15.789 -4178.37 -233.465 0.3460001 0.4004397 -0.848488 
-15.789 -4181.68 -232.124 0.6549786 -0.7479499 -0.1075821 
-19.369 -4181.68 -232.124 -0.6549787 -0.5584263 -0.5090805 
-19.369 -4159.63 -173.724 -0.6551512 0.7477899 0.1076448 
-15.789 -4159.63 -173.724 0.6551512 0.5579051 0.5094299 
-15.789 -4162.95 -172.383 0.5933796 -0.3439902 0.7277166 
-19.369 -4162.95 -172.383 -0.3458484 -0.400986 0.8482919 
-19.369 -4138.25 -231.954 -0.5823125 0.716058 -0.3849327 
-15.789 -4138.25 -231.954 0.3371699 0.8292218 -0.4457666 
-15.789 -4141.69 -232.941 0.6629278 -0.5409411 -0.5175998 
-19.369 -4141.69 -232.941 -0.6629278 -0.1333462 -0.7367127 
-19.369 -4157 -172.371 -0.6628877 0.5409936 0.5175963 
-15.789 -4157 -172.371 0.6628876 0.13351 0.7367191 
-15.789 -4160.44 -173.357 0.582365 -0.7159718 0.3850135 
-19.369 -4160.44 -173.357 -0.3372106 -0.8291476 0.4458736 
-19.369 -4170.82 -204.69 -0.5773503 -0.5773503 -0.5773503 
-15.789 -4170.82 -204.69 0.3333333 -0.6666667 -0.6666667 
-15.789 -4170.82 -201.11 0.6666667 -0.3333333 0.6666667 
-19.369 -4170.82 -201.11 -0.6666667 -0.6666667 0.3333333 
-19.369 -4149.32 -204.69 -0.6666667 0.3333333 -0.6666667 
-15.789 -4149.32 -204.69 0.6666667 0.6666667 -0.3333333 
-15.789 -4149.32 -201.11 0.5773503 0.5773503 0.5773503 
-19.369 -4149.32 -201.11 -0.3333333 0.6666667 0.6666667 
-19.369 -4142.26 -172.701 -0.6001365 -0.3400057 0.7240389 
-15.789 -4142.26 -172.701 0.3512328 -0.3979798 0.8474949 
-15.789 -4140.42 -173.484 0.6507021 0.7508672 0.1130724 
-19.369 -4140.42 -173.484 -0.6507021 0.5665389 0.5055893 
-19.369 -4150.14 -199.072 -0.6507175 -0.7508532 -0.1130767 
-15.789 -4150.14 -199.072 0.6507176 -0.5664935 -0.5056202 
-15.789 -4148.3 -199.855 0.6001194 0.3400517 -0.7240314 
-19.369 -4148.3 -199.855 -0.3512193 0.3980298 -0.847477 
-19.369 -4179.29 -173.658 -0.6000535 -0.6795672 0.4220479 
-15.789 -4179.29 -173.658 0.3511662 -0.7953995 0.4939858 
-15.789 -4177.32 -173.312 0.6507559 0.5681424 0.5037173 
-19.369 -4177.32 -173.312 -0.6507558 0.199649 0.7325689 
-19.369 -4171.54 -200.068 -0.6508242 -0.5680472 -0.5037364 
-15.789 -4171.54 -200.068 0.6508241 -0.1993579 -0.7325875 
-15.789 -4169.57 -199.721 0.5999508 0.6797377 -0.421919 
-19.369 -4169.57 -199.721 -0.3510839 0.7955489 -0.4938038 
19.369 -4178.37 -233.465 0.5935711 0.3434818 -0.7278006 
15.789 -4178.37 -233.465 -0.3460001 0.4004397 -0.848488 
15.789 -4181.68 -232.124 -0.6549786 -0.7479499 -0.1075821 
19.369 -4181.68 -232.124 0.6549787 -0.5584263 -0.5090805 
19.369 -4159.63 -173.724 0.6551512 0.7477899 0.1076448 
15.789 -4159.63 -173.724 -0.6551512 0.5579051 0.5094299 
15.789 -4162.95 -172.383 -0.5933796 -0.3439902 0.7277166 
19.369 -4162.95 -172.383 0.3458484 -0.400986 0.8482919 
19.369 -4138.25 -231.954 0.5823125 0.716058 -0.3849327 
15.789 -4138.25 -231.954 -0.3371699 0.8292218 -0.4457666 
15.789 -4141.69 -232.941 -0.6629278 -0.5409411 -0.5175998 
19.369 -4141.69 -232.941 0.6629278 -0.1333462 -0.7367127 
19.369 -4157 -172.371 0.6628877 0.5409936 0.5175963 
15.789 -4157 -172.371 -0.6628876 0.13351 0.7367191 
15.789 -4160.44 -173.357 -0.582365 -0.7159718 0.3850135 
19.369 -4160.44 -173.357 0.3372106 -0.8291476 0.4458736 
19.369 -4170.82 -204.69 0.5773503 -0.5773503 -0.5773503 
15.789 -4170.82 -204.69 -0.3333333 -0.6666667 -0.6666667 
15.789 -4170.82 -201.11 -0.6666667 -0.3333333 0.6666667 
19.369 -4170.82 -201.11 0.6666667 -0.6666667 0.3333333 
19.369 -4149.32 -204.69 0.6666667 0.3333333 -0.6666667 
15.789 -4149.32 -204.69 -0.6666667 0.6666667 -0.3333333 
15.789 -4149.32 -201.11 -0.5773503 0.5773503 0.5773503 
19.369 -4149.32 -201.11 0.3333333 0.6666667 0.6666667 
19.369 -4142.26 -172.701 0.6001365 -0.3400057 0.7240389 
15.789 -4142.26 -172.701 -0.3512328 -0.3979798 0.8474949 
15.789 -4140.42 -173.484 -0.6507021 0.7508672 0.1130724 
19.369 -4140.42 -173.484 0.6507021 0.5665389 0.5055893 
19.369 -4150.14 -199.072 0.6507175 -0.7508532 -0.1130767 
15.789 -4150.14 -199.072 -0.6507176 -0.5664935 -0.5056202 
15.789 -4148.3 -199.855 -0.6001194 0.3400517 -0.7240314 
19.369 -4148.3 -199.855 0.3512193 0.3980298 -0.847477 
19.369 -4179.29 -173.658 0.6000535 -0.6795672 0.4220479 
15.789 -4179.29 -173.658 -0.3511662 -0.7953995 0.4939858 
15.789 -4177.32 -173.312 -0.6507559 0.5681424 0.5037173 
19.369 -4177.32 -173.312 0.6507558 0.199649 0.7325689 
19.369 -4171.54 -200.068 0.6508242 -0.5680472 -0.5037364 
15.789 -4171.54 -200.068 -0.6508241 -0.1993579 -0.7325875 
15.789 -4169.57 -199.721 -0.5999508 0.6797377 -0.421919 
19.369 -4169.57 -199.721 0.3510839 0.7955489 -0.4938038 
-19.369 -4140.79 -168.181 -0.5773503 -0.5773503 0.5773503 
-15.789 -4140.79 -168.181 0.3333333 -0.6666667 0.6666667 
-15.789 -4137.21 -168.181 0.6666667 0.6666667 0.3333333 
-19.369 -4137.21 -168.181 -0.6666667 0.3333333 0.6666667 
-19.369 -4140.79 -551.181 -0.6666667 -0.6666667 -0.3333333 
-15.789 -4140.79 -551.181 0.6666667 -0.3333333 -0.6666667 
-15.789 -4137.21 -551.181 0.5773503 0.5773503 -0.5773503 
-19.369 -4137.21 -551.181 -0.3333333 0.6666667 -0.6666667 
15.791 -4140.79 -168.181 -0.5773503 -0.5773503 0.5773503 
19.371 -4140.79 -168.181 0.3333333 -0.6666667 0.6666667 
19.371 -4137.21 -168.181 0.6666667 0.6666667 0.3333333 
15.791 -4137.21 -168.181 -0.6666667 0.3333333 0.6666667 
15.791 -4140.79 -551.181 -0.6666667 -0.6666667 -0.3333333 
19.371 -4140.79 -551.181 0.6666667 -0.3333333 -0.6666667 
19.371 -4137.21 -551.181 0.5773503 0.5773503 -0.5773503 
15.791 -4137.21 -551.181 -0.3333333 0.6666667 -0.6666667 
15.791 -4182.69 -168.181 -0.5773503 -0.5773503 0.5773503 
19.371 -4182.69 -168.181 0.3333333 -0.6666667 0.6666667 
19.371 -4179.11 -168.181 0.6666667 0.6666667 0.3333333 
15.791 -4179.11 -168.181 -0.6666667 0.3333333 0.6666667 
15.791 -4182.69 -551.181 -0.6666667 -0.6666667 -0.3333333 
19.371 -4182.69 -551.181 0.6666667 -0.3333333 -0.6666667 
19.371 -4179.11 -551.181 0.5773503 0.5773503 -0.5773503 
15.791 -4179.11 -551.181 -0.3333333 0.6666667 -0.6666667 
-19.369 -4182.69 -168.181 -0.5773503 -0.5773503 0.5773503 
-15.789 -4182.69 -168.181 0.3333333 -0.6666667 0.6666667 
-15.789 -4179.11 -168.181 0.6666667 0.6666667 0.3333333 
-19.369 -4179.11 -168.181 -0.6666667 0.3333333 0.6666667 
-19.369 -4182.69 -551.181 -0.6666667 -0.6666667 -0.3333333 
-15.789 -4182.69 -551.181 0.6666667 -0.3333333 -0.6666667 
-15.789 -4179.11 -551.181 0.5773503 0.5773503 -0.5773503 
-19.369 -4179.11 -551.181 -0.3333333 0.6666667 -0.6666667 
7.5 -4180.12 -550.5 0.4082483 -0.4082483 -0.8164966 
-7.5 -4180.12 -550.5 -0.4082483 -0.8164966 -0.4082483 
-7.5 -4180.12 -168.5 -0.6666667 -0.3333333 0.6666667 
7.5 -4180.12 -168.5 0.6666667 -0.6666667 0.3333333 
7.5 -4140.12 -550.5 0.8164966 0.4082483 -0.4082483 
-7.5 -4140.12 -550.5 -0.5773503 0.5773503 -0.5773503 
-7.5 -4140.12 -168.5 -0.5773503 0.5773503 0.5773503 
7.5 -4140.12 -168.5 0.3333333 0.6666667 0.6666667 
-444.71 -4180.82 279.119 -0.2112847 -0.5773481 0.7886875 
-446.5 -4180.82 276.019 -0.7440138 -0.6666674 0.04470019 
-443.4 -4180.82 274.229 0.2439686 -0.3333333 -0.9106966 
-441.61 -4180.82 277.329 0.622027 -0.6666678 0.4106537 
-444.71 -4138.82 279.119 -0.2439702 0.3333316 0.9106968 
-446.5 -4138.82 276.019 -0.6220303 0.6666673 -0.4106497 
-443.4 -4138.82 274.229 0.2112831 0.5773503 -0.7886864 
-441.61 -4138.82 277.329 0.7440138 0.6666677 -0.0446965 
-141.601 -4180.82 104.119 -0.2112829 -0.5773503 0.7886864 
-143.391 -4180.82 101.019 -0.7440262 -0.6666528 0.04471244 
-140.291 -4180.82 99.2286 0.2439506 -0.333356 -0.910693 
-138.501 -4180.82 102.329 0.6220321 -0.6666578 0.4106622 
-141.601 -4138.82 104.119 -0.2439685 0.3333333 0.9106966 
-143.391 -4138.82 101.019 -0.6220716 0.6666527 -0.4106107 
-140.291 -4138.82 99.2286 0.2112638 0.5773796 -0.78867 
-138.501 -4138.82 102.329 0.7440246 0.6666579 -0.04466298 
-193.563 -4180.82 134.119 -0.2112843 -0.5773509 0.7886856 
-195.353 -4180.82 131.019 -0.744015 -0.6666664 0.04469528 
-192.253 -4180.82 129.229 0.2439684 -0.3333328 -0.9106969 
-190.463 -4180.82 132.329 0.6220303 -0.6666669 0.4106502 
-193.563 -4138.82 134.119 -0.2439703 0.3333339 0.9106959 
-195.353 -4138.82 131.019 -0.6220297 0.6666663 -0.4106521 
-192.253 -4138.82 129.229 0.2112829 0.5773497 -0.7886869 
-190.463 -4138.82 132.329 0.7440143 0.6666669 -0.04469888 
-464.079 -4180.82 245.571 -0.7886856 -0.5773509 -0.2112843 
-462.289 -4180.82 248.671 -0.4106506 -0.6666666 0.6220303 
-459.189 -4180.82 246.881 0.9106967 -0.3333336 0.2439676 
-460.979 -4180.82 243.781 -0.04469588 -0.6666659 -0.7440155 
-464.079 -4138.82 245.571 -0.910696 0.3333338 -0.2439702 
-462.289 -4138.82 248.671 0.04469766 0.6666666 0.7440146 
-459.189 -4138.82 246.881 0.7886863 0.5773506 0.2112821 
-460.979 -4138.82 243.781 0.4106505 0.6666659 -0.6220313 
-160.97 -4180.82 70.5709 -0.7886873 -0.5773399 -0.2113075 
-159.18 -4180.82 73.6713 -0.4106741 -0.6666749 0.622006 
-156.08 -4180.82 71.8813 0.9106923 -0.3333246 0.2439962 
-157.87 -4180.82 68.7809 -0.04468734 -0.6666753 -0.7440075 
-160.97 -4138.82 70.5709 -0.9106923 0.3333254 -0.2439955 
-159.18 -4138.82 73.6713 0.04468912 0.6666749 0.7440078 
-156.08 -4138.82 71.8813 0.7886881 0.5773388 0.2113083 
-157.87 -4138.82 68.7809 0.4106762 0.6666752 -0.6220043 
-212.932 -4180.82 100.571 -0.7886915 -0.5773464 -0.2112747 
-211.142 -4180.82 103.671 -0.4106502 -0.6666664 0.6220308 
-208.042 -4180.82 101.881 0.9106955 -0.3333308 0.2439762 
-209.832 -4180.82 98.7809 -0.04470805 -0.6666725 -0.7440088 
-212.932 -4138.82 100.571 -0.9107005 0.3333302 -0.2439584 
-211.142 -4138.82 103.671 0.044698 0.6666666 0.7440146 
-208.042 -4138.82 101.881 0.7886868 0.5773472 0.2112901 
-209.832 -4138.82 98.7809 0.4106532 0.6666725 -0.6220224 
-462.304 -4182.67 248.645 -0.7886887 -0.5773401 -0.2113021 
-462.304 -4180.49 248.645 -0.9106939 0.3333256 -0.2439893 
-459.204 -4180.49 246.855 0.4106704 0.6666744 -0.6220089 
-459.204 -4182.67 246.855 -0.04469259 -0.6666746 -0.7440078 
-446.429 -4182.67 276.141 -0.4106715 -0.6666734 0.6220093 
-446.429 -4180.49 276.141 0.04468835 0.6666734 0.7440091 
-443.329 -4180.49 274.351 0.7886868 0.5773417 0.211305 
-443.329 -4182.67 274.351 0.9106926 -0.3333266 0.2439927 
-185.176 -4182.67 88.6452 -0.7886876 -0.5773414 -0.2113022 
-185.176 -4180.49 88.6452 -0.9106934 0.3333267 -0.2439896 
-182.076 -4180.49 86.8552 0.4106697 0.6666733 -0.6220105 
-182.076 -4182.67 86.8552 -0.04469078 -0.6666733 -0.744009 
-169.301 -4182.67 116.141 -0.4106697 -0.6666733 0.6220105 
-169.301 -4180.49 116.141 0.04469078 0.6666733 0.744009 
-166.201 -4180.49 114.351 0.7886876 0.5773414 0.2113022 
-166.201 -4182.67 114.351 0.9106934 -0.3333267 0.2439896 
-332.401 -4182.67 173.645 -0.7886542 -0.5773681 -0.2113542 
-332.401 -4180.49 173.645 -0.9106688 0.3333471 -0.2440534 
-329.3 -4180.49 171.855 0.4106988 0.6666529 -0.6220132 
-329.3 -4182.67 171.855 -0.04460749 -0.6666531 -0.7440322 
-316.526 -4182.67 201.141 -0.4106988 -0.6666529 0.6220132 
-316.526 -4180.49 201.141 0.04460749 0.6666531 0.7440322 
-313.425 -4180.49 199.351 0.7886542 0.5773681 0.2113542 
-313.425 -4182.67 199.351 0.9106688 -0.3333471 0.2440534 
-462.304 -4137.23 248.645 -0.7886887 0.5773401 -0.2113021 
-462.304 -4139.41 248.645 -0.9106939 -0.3333256 -0.2439892 
-459.204 -4139.41 246.855 0.4106704 -0.6666744 -0.6220089 
-459.204 -4137.23 246.855 -0.04469256 0.6666746 -0.7440078 
-446.429 -4137.23 276.141 -0.4106715 0.6666734 0.6220093 
-446.429 -4139.41 276.141 0.04468835 -0.6666734 0.7440091 
-443.329 -4139.41 274.351 0.7886868 -0.5773417 0.211305 
-443.329 -4137.23 274.351 0.9106926 0.3333266 0.2439927 
-185.176 -4137.23 88.6452 -0.7886876 0.5773414 -0.2113022 
-185.176 -4139.41 88.6452 -0.9106933 -0.3333266 -0.2439897 
-182.076 -4139.41 86.8552 0.4106697 -0.6666733 -0.6220105 
-182.076 -4137.23 86.8552 -0.04469075 0.6666733 -0.744009 
-169.301 -4137.23 116.141 -0.4106697 0.6666733 0.6220105 
-169.301 -4139.41 116.141 0.04469075 -0.6666733 0.744009 
-166.201 -4139.41 114.351 0.7886876 -0.5773414 0.2113022 
-166.201 -4137.23 114.351 0.9106933 0.3333266 0.2439897 
-332.401 -4137.23 173.645 -0.7886542 0.5773681 -0.2113542 
-332.401 -4139.41 173.645 -0.9106688 -0.3333471 -0.2440534 
-329.3 -4139.41 171.855 0.4106988 -0.6666529 -0.6220132 
-329.3 -4137.23 171.855 -0.04460749 0.6666531 -0.7440322 
-316.526 -4137.23 201.141 -0.4106988 0.6666529 0.6220132 
-316.526 -4139.41 201.141 0.04460749 -0.6666531 0.7440322 
-313.425 -4139.41 199.351 0.7886542 -0.5773681 0.2113542 
-313.425 -4137.23 199.351 0.9106688 0.3333471 0.2440534 
-192.502 -4178.37 133.507 -0.333517 0.3434724 0.8779483 
-194.292 -4178.37 130.406 -0.9078016 0.4004669 0.1245901 
-193.131 -4181.68 129.736 -0.4206704 -0.7479373 -0.5134456 
-191.341 -4181.68 132.836 -0.1133934 -0.5584442 0.8217555 
-140.765 -4159.63 103.636 0.4207903 0.7478006 0.5135463 
-142.555 -4159.63 100.536 0.1135392 0.5579863 -0.8220463 
-141.393 -4162.95 99.865 0.3334889 -0.3439016 -0.8777909 
-139.603 -4162.95 102.965 0.9075911 -0.4009221 -0.1246596 
-191.194 -4138.25 132.751 -0.04220637 0.7160818 0.6967392 
-192.984 -4138.25 129.651 -0.5547094 0.8291681 -0.06912158 
-193.838 -4141.69 130.144 -0.7797056 -0.5409608 -0.3153102 
-192.048 -4141.69 133.245 -0.3065558 -0.1333205 0.9424698 
-139.593 -4157 102.959 0.7796637 0.5410656 0.3152342 
-141.383 -4157 99.859 0.3065705 0.1334643 -0.9424446 
-142.237 -4160.44 100.352 0.04223335 -0.7159946 -0.6968272 
-140.447 -4160.44 103.453 0.5547509 -0.8291431 0.06908935 
-167.582 -4170.82 119.119 -0.2112852 -0.5773505 0.7886856 
-169.372 -4170.82 116.019 -0.7440153 -0.666666 0.04469556 
-166.272 -4170.82 114.229 0.2439685 -0.3333333 -0.9106966 
-164.482 -4170.82 117.329 0.6220293 -0.666667 0.4106515 
-167.582 -4149.32 119.119 -0.2439712 0.3333336 0.9106958 
-169.372 -4149.32 116.019 -0.6220305 0.6666661 -0.4106513 
-166.272 -4149.32 114.229 0.2112829 0.5773503 -0.7886864 
-164.482 -4149.32 117.329 0.7440144 0.666667 -0.04469739 
-139.879 -4142.26 103.124 0.9270666 -0.3401282 0.1576714 
-141.669 -4142.26 100.024 0.5583247 -0.3980475 -0.7278954 
-142.347 -4140.42 100.415 -0.2274248 0.7508006 -0.6201423 
-140.557 -4140.42 103.516 0.7633068 0.5664067 0.3107188 
-162.717 -4150.14 116.31 0.2274454 -0.7509247 0.6199844 
-164.507 -4150.14 113.21 -0.7631855 -0.5665632 -0.3107314 
-165.185 -4148.3 113.601 -0.9271142 0.3399671 -0.1577393 
-163.395 -4148.3 116.702 -0.5583518 0.3979932 0.7279043 
-140.708 -4179.29 103.603 0.665452 -0.6796567 0.3086104 
-142.498 -4179.29 100.503 0.2521528 -0.7954577 -0.5510591 
-142.198 -4177.32 100.33 0.1108295 0.5680609 -0.8154899 
-140.408 -4177.32 103.43 0.9598297 0.1995138 0.1972848 
-163.579 -4171.54 116.808 -0.1108453 -0.5681239 0.8154438 
-165.369 -4171.54 113.708 -0.9598163 -0.1995616 -0.1973014 
-165.069 -4169.57 113.534 -0.6654864 0.6796127 -0.3086332 
-163.279 -4169.57 116.635 -0.2521698 0.795472 0.5510308 
-211.871 -4178.37 99.9586 -0.9270743 0.3435054 -0.1501248 
-210.081 -4178.37 103.059 -0.561798 0.4004417 0.7238988 
-208.92 -4181.68 102.388 0.2343204 -0.74796 0.6210071 
-210.71 -4181.68 99.2881 -0.768385 -0.558409 -0.3126723 
-160.134 -4159.63 70.0879 -0.2343633 0.7478154 -0.621165 
-158.344 -4159.63 73.1883 0.7687128 0.5579572 0.3126733 
-157.182 -4162.95 72.5176 0.9269236 -0.3439476 0.1500423 
-158.972 -4162.95 69.4172 0.5617217 -0.4009093 -0.7236992 
-210.563 -4138.25 99.203 -0.6246006 0.7159838 -0.3118353 
-208.773 -4138.25 102.303 -0.2174793 0.8292012 0.514906 
-209.627 -4141.69 102.797 -0.1167809 -0.5409088 0.8329346 
-211.417 -4141.69 99.6964 -0.9694641 -0.1334891 -0.2057185 
-158.962 -4157 69.4113 0.1167873 0.5409419 -0.8329121 
-157.172 -4157 72.5116 0.9694586 0.1335574 0.2057 
-158.026 -4160.44 73.005 0.6246399 -0.7159506 0.3118328 
-159.816 -4160.44 69.9047 0.2174957 -0.8291777 -0.5149369 
-186.951 -4170.82 85.5709 -0.7886873 -0.5773399 -0.2113075 
-185.161 -4170.82 88.6713 -0.4106741 -0.6666749 0.622006 
-182.061 -4170.82 86.8813 0.9106923 -0.3333246 0.2439963 
-183.851 -4170.82 83.7809 -0.04468727 -0.6666753 -0.7440075 
-186.951 -4149.32 85.5709 -0.9106923 0.3333254 -0.2439954 
-185.161 -4149.32 88.6713 0.04468912 0.6666749 0.7440078 
-182.061 -4149.32 86.8813 0.7886881 0.5773388 0.2113083 
-183.851 -4149.32 83.7809 0.4106762 0.6666752 -0.6220043 
-159.248 -4142.26 69.5763 0.3269661 -0.3400175 -0.881749 
-157.458 -4142.26 72.6767 0.9095614 -0.3979946 -0.1195758 
-158.136 -4140.42 73.0681 0.4232816 0.7508664 0.5069835 
-159.926 -4140.42 69.9678 0.1125046 0.5665279 -0.8163265 
-182.086 -4150.14 82.7621 -0.4233073 -0.7508413 -0.5069993 
-180.296 -4150.14 85.8625 -0.1125313 -0.5664616 0.8163689 
-180.974 -4148.3 86.2539 -0.3269681 0.3400831 0.881723 
-182.764 -4148.3 83.1536 -0.9095339 0.3980555 0.1195822 
-160.077 -4179.29 70.0552 0.0654309 -0.6796802 -0.7305844 
-158.287 -4179.29 73.1555 0.6033054 -0.7954611 0.05713286 
-157.987 -4177.32 72.9822 0.7616257 0.5681173 0.3117194 
-159.777 -4177.32 69.8818 0.3090287 0.1994609 -0.9299014 
-182.948 -4171.54 83.2599 -0.7616227 -0.5681231 -0.3117164 
-181.158 -4171.54 86.3603 -0.3090317 -0.1994667 0.9298992 
-180.858 -4169.57 86.1869 -0.06543365 0.6796778 0.7305865 
-182.648 -4169.57 83.0865 -0.6033058 0.7954607 -0.05713503 
-135.964 -4140.79 100.865 0.7886765 -0.5773363 0.2113581 
-137.754 -4140.79 97.7641 0.4107158 -0.6666777 -0.6219754 
-137.754 -4137.21 97.7641 -0.04464608 0.6666778 -0.7440078 
-135.964 -4137.21 100.865 0.9106779 0.3333226 0.2440533 
-467.652 -4140.79 292.364 0.04466389 -0.6666595 0.744023 
-469.442 -4140.79 289.264 -0.9106867 -0.3333402 -0.2439958 
-469.442 -4137.21 289.264 -0.7886738 0.5773593 -0.2113055 
-467.652 -4137.21 292.364 -0.4106646 0.6666595 0.6220286 
-153.544 -4140.79 70.415 0.7886748 -0.5773519 0.2113217 
-155.334 -4140.79 67.3147 0.4106803 -0.6666655 -0.6220119 
-155.334 -4137.21 67.3147 -0.04465966 0.6666656 -0.7440178 
-153.544 -4137.21 70.415 0.9106841 0.3333346 0.2440135 
-485.232 -4140.79 261.915 0.0446663 -0.6666588 0.7440235 
-487.022 -4140.79 258.815 -0.9106875 -0.3333411 -0.2439919 
-487.022 -4137.21 258.815 -0.7886738 0.5773605 -0.211302 
-485.232 -4137.21 261.915 -0.4106612 0.6666588 0.6220317 
-153.544 -4182.69 70.415 0.7886748 -0.5773519 0.2113217 
-155.334 -4182.69 67.3147 0.4106803 -0.6666655 -0.6220119 
-155.334 -4179.11 67.3147 -0.04465966 0.6666656 -0.7440178 
-153.544 -4179.11 70.415 0.9106841 0.3333346 0.2440135 
-485.232 -4182.69 261.915 0.0446663 -0.6666588 0.7440235 
-487.022 -4182.69 258.815 -0.9106875 -0.3333411 -0.2439919 
-487.022 -4179.11 258.815 -0.7886738 0.5773605 -0.211302 
-485.232 -4179.11 261.915 -0.4106612 0.6666588 0.6220317 
-135.964 -4182.69 100.865 0.7886765 -0.5773363 0.2113581 
-137.754 -4182.69 97.7641 0.4107158 -0.6666777 -0.6219754 
-137.754 -4179.11 97.7641 -0.04464608 0.6666778 -0.7440078 
-135.964 -4179.11 100.865 0.9106779 0.3333226 0.2440533 
-467.652 -4182.69 292.364 0.04466389 -0.6666595 0.744023 
-469.442 -4182.69 289.264 -0.9106867 -0.3333402 -0.2439958 
-469.442 -4179.11 289.264 -0.7886738 0.5773593 -0.2113055 
-467.652 -4179.11 292.364 -0.4106646 0.6666595 0.6220286 
-480.497 -4180.12 268.755 -0.9112296 -0.4082501 0.05470432 
-472.997 -4180.12 281.745 -0.1494266 -0.8164947 0.557681 
-142.175 -4180.12 90.7452 0.9106834 -0.3333334 0.2440177 
-149.675 -4180.12 77.7548 -0.04465818 -0.6666668 -0.7440168 
-480.497 -4140.12 268.755 -0.7618024 0.4082501 -0.5029801 
-472.997 -4140.12 281.745 -0.2113206 0.5773476 0.7886782 
-142.175 -4140.12 90.7452 0.788675 0.5773503 0.2113255 
-149.675 -4140.12 77.7548 0.4106838 0.6666669 -0.6220082 
464.079 -4180.82 245.571 0.7886856 -0.5773509 -0.2112843 
462.289 -4180.82 248.671 0.4106506 -0.6666666 0.6220303 
459.189 -4180.82 246.881 -0.9106967 -0.3333336 0.2439676 
460.979 -4180.82 243.781 0.04469588 -0.6666659 -0.7440155 
464.079 -4138.82 245.571 0.910696 0.3333338 -0.2439702 
462.289 -4138.82 248.671 -0.04469766 0.6666666 0.7440146 
459.189 -4138.82 246.881 -0.7886863 0.5773506 0.2112821 
460.979 -4138.82 243.781 -0.4106505 0.6666659 -0.6220313 
160.97 -4180.82 70.5709 0.7886873 -0.5773399 -0.2113075 
159.18 -4180.82 73.6713 0.4106741 -0.6666749 0.622006 
156.08 -4180.82 71.8813 -0.9106923 -0.3333246 0.2439962 
157.87 -4180.82 68.7809 0.04468734 -0.6666753 -0.7440075 
160.97 -4138.82 70.5709 0.9106923 0.3333254 -0.2439955 
159.18 -4138.82 73.6713 -0.04468912 0.6666749 0.7440078 
156.08 -4138.82 71.8813 -0.7886881 0.5773388 0.2113083 
157.87 -4138.82 68.7809 -0.4106762 0.6666752 -0.6220043 
212.932 -4180.82 100.571 0.7886915 -0.5773464 -0.2112747 
211.142 -4180.82 103.671 0.4106502 -0.6666664 0.6220308 
208.042 -4180.82 101.881 -0.9106955 -0.3333308 0.2439762 
209.832 -4180.82 98.7809 0.04470805 -0.6666725 -0.7440088 
212.932 -4138.82 100.571 0.9107005 0.3333302 -0.2439584 
211.142 -4138.82 103.671 -0.044698 0.6666666 0.7440146 
208.042 -4138.82 101.881 -0.7886868 0.5773472 0.2112901 
209.832 -4138.82 98.7809 -0.4106532 0.6666725 -0.6220224 
444.71 -4180.82 279.119 0.2112847 -0.5773481 0.7886875 
446.5 -4180.82 276.019 0.7440138 -0.6666674 0.04470019 
443.4 -4180.82 274.229 -0.2439686 -0.3333333 -0.9106966 
441.61 -4180.82 277.329 -0.622027 -0.6666678 0.4106537 
444.71 -4138.82 279.119 0.2439702 0.3333316 0.9106968 
446.5 -4138.82 276.019 0.6220303 0.6666673 -0.4106497 
443.4 -4138.82 274.229 -0.2112831 0.5773503 -0.7886864 
441.61 -4138.82 277.329 -0.7440138 0.6666677 -0.0446965 
141.601 -4180.82 104.119 0.2112829 -0.5773503 0.7886864 
143.391 -4180.82 101.019 0.7440262 -0.6666528 0.04471244 
140.291 -4180.82 99.2286 -0.2439506 -0.333356 -0.910693 
138.501 -4180.82 102.329 -0.6220321 -0.6666578 0.4106622 
141.601 -4138.82 104.119 0.2439685 0.3333333 0.9106966 
143.391 -4138.82 101.019 0.6220716 0.6666527 -0.4106107 
140.291 -4138.82 99.2286 -0.2112638 0.5773796 -0.78867 
138.501 -4138.82 102.329 -0.7440246 0.6666579 -0.04466298 
193.563 -4180.82 134.119 0.2112843 -0.5773509 0.7886856 
195.353 -4180.82 131.019 0.744015 -0.6666664 0.04469528 
192.253 -4180.82 129.229 -0.2439684 -0.3333328 -0.9106969 
190.463 -4180.82 132.329 -0.6220303 -0.6666669 0.4106502 
193.563 -4138.82 134.119 0.2439703 0.3333339 0.9106959 
195.353 -4138.82 131.019 0.6220297 0.6666663 -0.4106521 
192.253 -4138.82 129.229 -0.2112829 0.5773497 -0.7886869 
190.463 -4138.82 132.329 -0.7440143 0.6666669 -0.04469888 
446.485 -4182.67 276.045 0.2112986 -0.5773603 0.7886748 
446.485 -4180.49 276.045 0.243988 0.3333411 0.9106885 
443.385 -4180.49 274.255 -0.7440233 0.6666589 -0.04467001 
443.385 -4182.67 274.255 -0.6220335 -0.666659 0.4106583 
462.36 -4182.67 248.549 0.7440228 -0.6666594 0.04466931 
462.36 -4180.49 248.549 0.6220319 0.6666594 -0.4106598 
459.26 -4180.49 246.759 -0.2113001 0.5773596 -0.788675 
459.26 -4182.67 246.759 -0.2439896 -0.3333405 -0.9106883 
169.357 -4182.67 116.045 0.2113025 -0.5773607 0.7886736 
169.357 -4180.49 116.045 0.2439926 0.3333414 0.9106872 
166.257 -4180.49 114.255 -0.7440239 0.6666585 -0.04466569 
166.257 -4182.67 114.255 -0.622032 -0.6666585 0.4106613 
185.232 -4182.67 88.5486 0.7440239 -0.6666585 0.04466569 
185.232 -4180.49 88.5486 0.622032 0.6666585 -0.4106613 
182.132 -4180.49 86.7586 -0.2113025 0.5773607 -0.7886736 
182.132 -4182.67 86.7586 -0.2439926 -0.3333414 -0.9106872 
316.581 -4182.67 201.045 0.211302 -0.5773588 0.788675 
316.581 -4180.49 201.045 0.2439917 0.3333399 0.910688 
313.481 -4180.49 199.255 -0.7440223 0.6666601 -0.04466876 
313.481 -4182.67 199.255 -0.6220301 -0.6666601 0.4106616 
332.456 -4182.67 173.549 0.7440223 -0.6666601 0.04466876 
332.456 -4180.49 173.549 0.6220301 0.6666601 -0.4106616 
329.356 -4180.49 171.759 -0.211302 0.5773588 -0.788675 
329.356 -4182.67 171.759 -0.2439917 -0.3333399 -0.910688 
446.485 -4137.23 276.045 0.2112986 0.5773603 0.7886748 
446.485 -4139.41 276.045 0.2439881 -0.3333411 0.9106885 
443.385 -4139.41 274.255 -0.7440233 -0.6666589 -0.04467001 
443.385 -4137.23 274.255 -0.6220335 0.666659 0.4106583 
462.36 -4137.23 248.549 0.7440228 0.6666594 0.04466931 
462.36 -4139.41 248.549 0.6220319 -0.6666594 -0.4106598 
459.26 -4139.41 246.759 -0.2113 -0.5773596 -0.788675 
459.26 -4137.23 246.759 -0.2439896 0.3333405 -0.9106883 
169.357 -4137.23 116.045 0.2113025 0.5773607 0.7886736 
169.357 -4139.41 116.045 0.2439926 -0.3333414 0.9106872 
166.257 -4139.41 114.255 -0.7440239 -0.6666585 -0.04466569 
166.257 -4137.23 114.255 -0.622032 0.6666585 0.4106613 
185.232 -4137.23 88.5486 0.7440239 0.6666585 0.04466569 
185.232 -4139.41 88.5486 0.622032 -0.6666585 -0.4106613 
182.132 -4139.41 86.7586 -0.2113025 -0.5773607 -0.7886736 
182.132 -4137.23 86.7586 -0.2439926 0.3333414 -0.9106872 
316.581 -4137.23 201.045 0.2113019 0.5773588 0.788675 
316.581 -4139.41 201.045 0.2439916 -0.3333399 0.910688 
313.481 -4139.41 199.255 -0.7440223 -0.6666601 -0.04466876 
313.481 -4137.23 199.255 -0.6220301 0.6666601 0.4106616 
332.456 -4137.23 173.549 0.7440223 0.6666601 0.04466876 
332.456 -4139.41 173.549 0.6220301 -0.6666601 -0.4106616 
329.356 -4139.41 171.759 -0.2113019 -0.5773588 -0.788675 
329.356 -4137.23 171.759 -0.2439916 0.3333399 -0.910688 
211.871 -4178.37 99.9586 0.9270741 0.3435057 -0.1501249 
210.081 -4178.37 103.059 0.5617981 0.4004418 0.7238987 
208.92 -4181.68 102.388 -0.2343205 -0.74796 0.6210071 
210.71 -4181.68 99.2881 0.768385 -0.558409 -0.3126723 
160.134 -4159.63 70.0879 0.2343632 0.7478154 -0.621165 
158.344 -4159.63 73.1883 -0.7687128 0.5579572 0.3126732 
157.182 -4162.95 72.5176 -0.9269236 -0.3439477 0.1500422 
158.972 -4162.95 69.4172 -0.5617219 -0.4009094 -0.723699 
210.563 -4138.25 99.203 0.6246007 0.7159839 -0.3118353 
208.773 -4138.25 102.303 0.2174793 0.8292012 0.514906 
209.627 -4141.69 102.797 0.1167808 -0.540909 0.8329344 
211.417 -4141.69 99.6964 0.969464 -0.1334893 -0.2057186 
158.962 -4157 69.4113 -0.1167873 0.5409419 -0.8329121 
157.172 -4157 72.5116 -0.9694586 0.1335573 0.2056999 
158.026 -4160.44 73.005 -0.6246397 -0.7159509 0.3118325 
159.816 -4160.44 69.9047 -0.2174957 -0.8291778 -0.5149367 
186.951 -4170.82 85.5709 0.7886873 -0.5773399 -0.2113075 
185.161 -4170.82 88.6713 0.4106741 -0.6666749 0.622006 
182.061 -4170.82 86.8813 -0.9106923 -0.3333246 0.2439963 
183.851 -4170.82 83.7809 0.04468727 -0.6666753 -0.7440075 
186.951 -4149.32 85.5709 0.9106923 0.3333254 -0.2439954 
185.161 -4149.32 88.6713 -0.04468912 0.6666749 0.7440078 
182.061 -4149.32 86.8813 -0.7886881 0.5773388 0.2113083 
183.851 -4149.32 83.7809 -0.4106762 0.6666752 -0.6220043 
159.248 -4142.26 69.5763 -0.3269661 -0.3400175 -0.881749 
157.458 -4142.26 72.6767 -0.9095615 -0.3979945 -0.1195758 
158.136 -4140.42 73.0681 -0.4232816 0.7508664 0.5069835 
159.926 -4140.42 69.9678 -0.1125046 0.5665279 -0.8163265 
182.086 -4150.14 82.7621 0.4233074 -0.7508414 -0.5069991 
180.296 -4150.14 85.8625 0.1125313 -0.5664616 0.8163689 
180.974 -4148.3 86.2539 0.3269681 0.3400831 0.881723 
182.764 -4148.3 83.1536 0.9095339 0.3980555 0.1195822 
160.077 -4179.29 70.0552 -0.0654309 -0.6796802 -0.7305844 
158.287 -4179.29 73.1555 -0.6033054 -0.7954611 0.05713289 
157.987 -4177.32 72.9822 -0.7616257 0.5681173 0.3117194 
159.777 -4177.32 69.8818 -0.3090287 0.1994609 -0.9299014 
182.948 -4171.54 83.2599 0.7616227 -0.5681231 -0.3117164 
181.158 -4171.54 86.3603 0.3090317 -0.1994667 0.9298992 
180.858 -4169.57 86.1869 0.06543365 0.6796778 0.7305865 
182.648 -4169.57 83.0865 0.6033058 0.7954607 -0.05713503 
192.502 -4178.37 133.507 0.333517 0.3434723 0.8779483 
194.292 -4178.37 130.406 0.9078016 0.4004669 0.1245902 
193.131 -4181.68 129.736 0.4206703 -0.7479374 -0.5134454 
191.341 -4181.68 132.836 0.1133933 -0.5584442 0.8217555 
140.765 -4159.63 103.636 -0.4207904 0.7478005 0.5135465 
142.555 -4159.63 100.536 -0.1135392 0.557986 -0.8220465 
141.393 -4162.95 99.865 -0.3334889 -0.3439017 -0.8777909 
139.603 -4162.95 102.965 -0.9075911 -0.4009221 -0.1246597 
191.194 -4138.25 132.751 0.04220637 0.7160818 0.6967392 
192.984 -4138.25 129.651 0.5547094 0.8291681 -0.06912158 
193.838 -4141.69 130.144 0.7797056 -0.5409608 -0.3153102 
192.048 -4141.69 133.245 0.3065558 -0.1333206 0.9424697 
139.593 -4157 102.959 -0.7796637 0.5410656 0.3152342 
141.383 -4157 99.859 -0.3065706 0.1334643 -0.9424446 
142.237 -4160.44 100.352 -0.04223337 -0.7159949 -0.6968269 
140.447 -4160.44 103.453 -0.5547509 -0.8291431 0.06908935 
167.582 -4170.82 119.119 0.2112852 -0.5773505 0.7886856 
169.372 -4170.82 116.019 0.7440153 -0.666666 0.04469556 
166.272 -4170.82 114.229 -0.2439685 -0.3333333 -0.9106966 
164.482 -4170.82 117.329 -0.6220293 -0.666667 0.4106515 
167.582 -4149.32 119.119 0.2439712 0.3333336 0.9106958 
169.372 -4149.32 116.019 0.6220305 0.6666661 -0.4106513 
166.272 -4149.32 114.229 -0.2112829 0.5773503 -0.7886864 
164.482 -4149.32 117.329 -0.7440144 0.666667 -0.04469739 
139.879 -4142.26 103.124 -0.9270666 -0.3401283 0.1576714 
141.669 -4142.26 100.024 -0.5583247 -0.3980475 -0.7278954 
142.347 -4140.42 100.415 0.2274249 0.7508005 -0.6201423 
140.557 -4140.42 103.516 -0.7633069 0.5664065 0.3107189 
162.717 -4150.14 116.31 -0.2274454 -0.7509247 0.6199844 
164.507 -4150.14 113.21 0.7631855 -0.5665632 -0.3107314 
165.185 -4148.3 113.601 0.9271142 0.3399671 -0.1577393 
163.395 -4148.3 116.702 0.5583518 0.3979932 0.7279043 
140.708 -4179.29 103.603 -0.665452 -0.6796567 0.3086104 
142.498 -4179.29 100.503 -0.2521528 -0.7954577 -0.5510591 
142.198 -4177.32 100.33 -0.1108295 0.5680609 -0.8154899 
140.408 -4177.32 103.43 -0.9598297 0.1995138 0.1972848 
163.579 -4171.54 116.808 0.1108453 -0.5681239 0.8154438 
165.369 -4171.54 113.708 0.9598163 -0.1995615 -0.1973015 
165.069 -4169.57 113.534 0.6654864 0.6796127 -0.3086332 
163.279 -4169.57 116.635 0.2521698 0.795472 0.5510308 
155.333 -4140.79 67.3164 -0.2113276 -0.5773512 -0.7886738 
153.543 -4140.79 70.4168 -0.744018 -0.6666658 -0.04465464 
153.543 -4137.21 70.4168 -0.6220088 0.6666657 0.4106848 
155.333 -4137.21 67.3164 -0.2440201 0.333334 -0.9106825 
487.021 -4140.79 258.816 0.6220104 -0.6666545 -0.4107005 
485.231 -4140.79 261.917 0.2440537 -0.3333457 0.9106692 
485.231 -4137.21 261.917 0.2113548 0.5773664 0.7886553 
487.021 -4137.21 258.816 0.7440308 0.6666545 0.04460909 
137.753 -4140.79 97.7659 -0.2113105 -0.5773426 -0.7886846 
135.963 -4140.79 100.866 -0.7440101 -0.6666728 -0.04468181 
135.963 -4137.21 100.866 -0.6220073 0.6666727 0.4106757 
